h_reversedOrder = [-.00180561;
        -.00178878;
        -.0017187;
        -.00159744;
        -.00142863;
        -.00121725;
        -.000969637;
        -.00069311;
        -.000395956;
        -8.69994e-5;
        .000224548;
        .000529415;
        .000818508;
        .00108322;
        .00131567;
        .00150896;
        .0016573;
        .00175621;
        .00180284;
        .00179582;
        .00173534;
        .00162312;
        .00146258;
        .0012585;
        .00101694;
        .000745065;
        .000451019;
        .000143525;
        -.000168218;
        -.000474958;
        -.000767583;
        -.00103735;
        -.00127625;
        -.00147713;
        -.00163397;
        -.00174214;
        -.00179846;
        -.00180126;
        -.0017504;
        -.00164737;
        -.00149532;
        -.00129871;
        -.00106344;
        -.000796498;
        -.00050583;
        -.000200117;
        .000111554;
        .000419908;
        .000715772;
        .00099031;
        .00123534;
        .00144359;
        .00160886;
        .00172622;
        .00179215;
        .00180474;
        .00176353;
        .00166991;
        .00152646;
        .00133759;
        .00110894;
        .000847222;
        .000560288;
        .000256636;
        -5.46436e-5;
        -.000364292;
        -.000663085;
        -.000942142;
        -.00119311;
        -.00140854;
        -.00158203;
        -.00170843;
        -.00178393;
        -.00180628;
        -.00177489;
        -.00169061;
        -.001556;
        -.00137503;
        -.00115313;
        -.00089691;
        -.000613965;
        -.00031272;
        -2.18166e-6;
        .000308452;
        .000609892;
        .000893156;
        .0011498;
        .00137223;
        .00155379;
        .00168906;
        .00177404;
        .00180615;
        .00178442;
        .00170967;
        .0015839;
        .00141097;
        .00119605;
        .000945513;
        .000666806;
        .000368235];
        
        h_reversedOrder = [.0196651;
        .0183088;
        .0164057;
        .0140087;
        .0111957;
        .00805244;
        .00466983;
        .00113623;
        -.00243964;
        -.00594466];
        
        h_reversedOrder = [-.0035309;
        .000108717;
        .00374512;
        .00726986;
        .0105781;
        .0135714;
        .0161605;
        .0182684;
        .0198322;
        .0208052];
        
        h_reversedOrder = [.000213487;
        .000150055;
        -3.66779e-5;
        .000394368;
        .000148175;
        -6.26437e-5;
        .000646943;
        .000404122;
        .000461216;
        .000448961;
        .000465326;
        .000437473;
        .000255995;
        .000268055;
        .000156837;
        5.55681e-5;
        .000185042;
        -.000150584;
        -.000233235;
        -.000243625;
        -.000310568;
        -.000233643;
        -.000337493;
        -.000769024;
        -.000329265;
        -.000641784;
        -.000316883;
        -.000492572;
        -.000338862;
        -.000638255;
        -.000756849;
        -.0011185;
        -8.43515e-5;
        .000894378;
        .000674377;
        .000197221;
        7.60875e-5;
        1.00187e-5;
        9.26551e-5;
        .000212793;
        .000232496;
        .000251994;
        .000388189;
        .000556782;
        .000785286;
        .0010801;
        .00126291;
        .00131813;
        .00135768;
        .00142013;
        .00139467;
        .00105031;
        .000667981;
        .000247307;
        -.000143668;
        -.000190876;
        -.000269979;
        -.000463503;
        -.000502567;
        -.000419565;
        -.000350515;
        -.000201017;
        -.000394758;
        -.000224957;
        -.000129955;
        4.46599e-5;
        7.88052e-5;
        .000232673;
        .000253043;
        .000303121;
        .00041775;
        .00107628;
        .00139489;
        .00124531;
        .000551154;
        -.000103414;
        -.000267378;
        -2.02481e-5;
        9.40886e-5;
        .000272775;
        .000377162;
        .00054618;
        .000820917;
        .0011653;
        .00157334;
        .00194689;
        .00195616;
        .0019458;
        .000101486;
        -.00113378;
        -.00149198;
        .00193859;
        .00529084;
        .00850982;
        .0115184;
        .0141887;
        .0164109;
        .0181468;
        .01935;
        .0199469];
        
        h_reversedOrder = [5.09013e-5;
        .000232144;
        .000406458;
        .000568656;
        .000713897;
        .000837909;
        .000936951;
        .00100808;
        .00104918;
        .00105907;
        .00103738;
        .000984758;
        .00090288;
        .000794021;
        .000661568;
        .000509421;
        .000342057;
        .000164522;
        -1.79176e-5;
        -.000199826;
        -.000375776;
        -.000540534;
        -.00068919;
        -.000817317;
        -.000921111;
        -.000997485;
        -.00104416;
        -.0010597;
        -.0010437;
        -.000996595;
        -.000919822;
        -.000815654;
        -.000687171;
        -.000538222;
        -.00037324;
        -.000197147;
        -1.51706e-5;
        .000167253;
        .000344683;
        .000511835;
        .000663744;
        .000795927;
        .000904393;
        .00098592;
        .00103807;
        .0010593;
        .001049;
        .00100746;
        .000935935;
        .000836499;
        .000712172;
        .000566624;
        .000404216;
        .000229756;
        4.84943e-5;
        -.000134208;
        -.000312923;
        -.000482332;
        -.000637373;
        -.000773465;
        -.000886507;
        -.000973174;
        -.00103088;
        -.00105787;
        -.00105342;
        -.00101749;
        -.000951361;
        -.000856794;
        -.000736734;
        -.000594747;
        -.000435044;
        -.000262386;
        -8.1897e-5;
        .000101029;
        .000280944;
        .000452459;
        .000610499;
        .000750363;
        .00086786;
        .000959536;
        .00102265;
        .00105533;
        .00105652;
        .0010263;
        .000965536;
        .000876012;
        .000760371;
        .000622101;
        .000465289;
        .000294628;
        .000115177;
        -6.77043e-5;
        -.000248568;
        -.000422043;
        -.000582947;
        -.000726478;
        -.000848412;
        -.000945069;
        -.00101354;
        -.00105187;
        -.00105891;
        -.00103437;
        -.000979032;
        -.000894528;
        -.000783393;
        -.000648965;
        -.000495184;
        -.000326646;
        -.000148382;
        3.43088e-5;
        .000215975;
        .00039121;
        .000554795;
        .000701868;
        .00082805;
        .000929551;
        .00100338;
        .00104732;
        .00106009;
        .00104126;
        .000991403;
        .000912047;
        .000805526;
        .000675029;
        .000524429;
        .000358215;
        .000181349;
        -9.25599e-7];
        
        h_reversedOrder = [.00260209;
        -.00026911;
        -.00133596;
        -.00047743;
        .00176146;
        .0015223;
        .000191908;
        -.00122244;
        -.00200503;
        -.0014871;
        -.000240149;
        .00109511;
        .00119943;
        -.000454232;
        -.00205167;
        -.00261023;
        -.00164967;
        6.26621e-5;
        .00121419;
        .000899485;
        -.00141857;
        -.00327758;
        -.00292966;
        -.00130141;
        .000690801;
        .00173333;
        .000790321;
        -.00189814;
        -.003255;
        -.0013426;
        .00183624;
        .00292057;
        .00215763;
        -4.71625e-7;
        -.00211429;
        -.00204335;
        -.000811177;
        .00206235;
        .00366561;
        .00353822;
        .00213382;
        -.00104366;
        -.00146552;
        .00307253;
        .00775561;
        .00599931;
        .000394781;
        -.00297919;
        -.000951392;
        .00332761;
        .00501196;
        .00504802;
        .00326574;
        .00204108;
        -.000561291;
        -.00455283;
        -.00413767;
        .00180478;
        .00783884;
        .00299094;
        -.00860349;
        -.0115899;
        -.00136625;
        .0114028;
        .0121595;
        .00202357;
        -.00839092;
        -.014106;
        -.0131033;
        -.00924675;
        -.00744868;
        -.0015581;
        .00103392;
        -.00328578;
        -.00778873;
        -.00884243;
        .0049272;
        .0163509;
        .0125718;
        .00579005;
        -.00189038;
        -.00430138;
        .000551527;
        .00234367;
        5.19425e-5;
        -.000948303;
        5.74673e-5;
        .000969869;
        .000442862;
        -4.43478e-5;
        .000117834;
        .000446098;
        .000583553;
        .000313927;
        .000297935;
        .000335199;
        .000294299;
        .000102383;
        .000230846;
        .000331656;
        .000253558;
        7.17253e-5;
        -.000155116;
        6.12469e-5;
        .000217711;
        .000126827;
        -.000214861;
        -.000345269;
        -.000305179;
        -.000217528;
        -.000305826;
        -.000595713;
        -.000502384;
        -.000341616;
        -.00018277;
        -.0001757;
        -.000212704;
        -2.29405e-5;
        -5.74921e-5;
        -.000189728;
        -.000117344;
        -5.56303e-5;
        -6.56537e-5;
        -.000112094;
        -.000346296;
        -.000226631;
        .000143819;
        .000619589];
