[.0530878;
        .0478278;
        .0411436;
        .0332343;
        .0243349;
        .0147107;
        .0046487;
        -.00555196;
        -.0155872;
        -.0251583];
        
        [4.65063e-6;
        -.000361053;
        -.00104196;
        .000393296;
        -.00120075;
        -.000161468;
        -.000603946;
        -.000747769;
        -.000559422;
        -.000384553;
        -.000369706;
        -.000492606;
        -.000273087;
        -.000153209;
        -.000337287;
        -.000268333;
        .000225461;
        .000199976;
        .000500112;
        .000321173;
        .000397139;
        .000504777;
        .000517218;
        .000454351;
        .00032652;
        .00027493;
        .000199609;
        .000146462;
        7.42408e-5;
        6.73204e-6;
        1.14019e-6;
        8.68788e-5;
        6.26383e-5;
        -.000235534;
        -2.67588e-5;
        -.000313245;
        -.000788101;
        -.000590795;
        -.000570585;
        -.000643261;
        -.000584667;
        -.000698209;
        -.00041682;
        -.000293221;
        -.000235483;
        -.000268005;
        -.000270105;
        -.00021888;
        -.0002032;
        -5.81978e-5;
        -7.48938e-5;
        -7.63165e-5;
        -8.2068e-5;
        .000261412;
        .000192707;
        .000317014;
        .000356411;
        .000493752;
        .000461059;
        .000639395;
        .00074767;
        .000416946;
        .00031529;
        .000173425;
        2.90352e-5;
        -.00013452;
        -.000167031;
        -.000159149;
        7.60411e-5;
        .000457336;
        .00057403;
        .000377546;
        -1.10236e-6;
        2.57067e-5;
        -8.92465e-5;
        .000107724;
        .000263157;
        .000704553;
        .000373948;
        6.43155e-5;
        -.000146288;
        -.000331847;
        -.000468948;
        -.000595521;
        -.000438733;
        -.000605123;
        -.000674965;
        7.26395e-6;
        .000398129;
        .000136771;
        .0573808;
        .0514768;
        .0440665;
        .0353373;
        .0255489;
        .0150044;
        .00401131;
        -.00710821;
        -.0180278;
        -.028474];
